0 0.05911672115325928
1 0.04773532226681709
2 0.035606157034635544
3 0.027462050318717957
4 0.021101562306284904
5 0.01601576805114746
6 0.012367348186671734
7 0.010129306465387344
8 0.008852437138557434
9 0.008255907334387302
10 0.008007150143384933
11 0.00776944262906909
12 0.007548083085566759
13 0.007337009534239769
14 0.007103251293301582
15 0.006858599837869406
16 0.006652948912233114
17 0.0065024420619010925
18 0.006364062894135714
19 0.0061898380517959595
20 0.00599993159994483
21 0.005832810420542955
22 0.00569214066490531
23 0.0055709597654640675
24 0.005469511728733778
25 0.005383186042308807
26 0.005297529045492411
27 0.0051920670084655285
28 0.005064490716904402
29 0.0049359677359461784
30 0.0048256199806928635
31 0.004733015317469835
32 0.004647722467780113
33 0.004569187294691801
34 0.004499453119933605
35 0.004436120856553316
36 0.004370156209915876
37 0.004302483983337879
38 0.00423910329118371
39 0.0041802930645644665
40 0.004124245140701532
41 0.004071669187396765
42 0.0040251752361655235
43 0.003985304851084948
44 0.003948828671127558
45 0.0039138165302574635
46 0.0038792649284005165
47 0.0038443130906671286
48 0.003808557288721204
49 0.003773527219891548
50 0.0037412235978990793
51 0.0037123721558600664
52 0.0036861205007880926
53 0.003660432295873761
54 0.0036343038082122803
55 0.00360747124068439
56 0.0035795902367681265
