0 0.0526052862405777
1 0.039689257740974426
2 0.026941552758216858
3 0.020014958456158638
4 0.015966666862368584
5 0.013594768941402435
6 0.012174591422080994
7 0.011251633055508137
8 0.01025079470127821
9 0.009228428825736046
10 0.008396049030125141
11 0.007715407758951187
12 0.007130724843591452
13 0.006662489380687475
14 0.00629299134016037
15 0.005981888622045517
16 0.0057610454969108105
17 0.0055802143178880215
18 0.005398416426032782
19 0.005257762968540192
20 0.005191910080611706
21 0.005167763214558363
22 0.005142666399478912
23 0.00508595397695899
24 0.004998492076992989
25 0.004891103599220514
26 0.004767879378050566
27 0.0046327789314091206
28 0.004505988210439682
29 0.004406657535582781
30 0.004335703793913126
31 0.004282480105757713
32 0.0042364937253296375
33 0.0041870069690048695
34 0.004124018829315901
35 0.004044256638735533
36 0.0039589181542396545
37 0.00388353131711483
38 0.003824496641755104
39 0.0037766695022583008
40 0.003734625643119216
41 0.0036972409579902887
42 0.003663255600258708
43 0.0036302104126662016
44 0.003597499569877982
45 0.003565927967429161
46 0.0035360369365662336
47 0.003505795495584607
48 0.0034728727769106627
49 0.0034391379449516535
50 0.0034088168758898973
51 0.003384203417226672
52 0.0033632097765803337
53 0.0033424918074160814
54 0.0033202532213181257
55 0.003297162475064397
56 0.0032750375103205442
57 0.0032541807740926743
58 0.0032334907446056604
59 0.0032125634606927633
60 0.0031917302403599024
61 0.0031712159980088472
62 0.0031509660184383392
63 0.0031312042847275734
64 0.0031122202053666115
65 0.0030934743117541075
66 0.003074302338063717
67 0.003054756671190262
68 0.003035578178241849
69 0.003017239272594452
70 0.002999264048412442
71 0.002981344936415553
72 0.002963404869660735
73 0.002945435931906104
74 0.0029272607062011957
75 0.002909112721681595
76 0.002891149139031768
77 0.002873101504519582
78 0.0028548731934279203
79 0.0028365980833768845
80 0.0028184952680021524
81 0.002800470218062401
82 0.0027823338750749826
83 0.0027638983447104692
84 0.00274520181119442
85 0.002726173959672451
86 0.0027067919727414846
87 0.0026869503781199455
88 0.0026665751356631517
89 0.0026454960461705923
90 0.002623804612085223
91 0.0026012978050857782
92 0.002577833831310272
93 0.0025533384177833796
94 0.002527589676901698
95 0.00250060367397964
96 0.0024724549148231745
97 0.0024430598132312298
98 0.002412782981991768
99 0.0023822642397135496
100 0.002352037699893117
101 0.0023224237374961376
102 0.0022935429587960243
103 0.0022659350652247667
104 0.0022398727014660835
105 0.0022148636635392904
106 0.0021905493922531605
107 0.002166807884350419
108 0.0021432549692690372
109 0.0021199556067585945
110 0.002097000367939472
111 0.0020742083434015512
112 0.0020515723153948784
113 0.0020290836691856384
114 0.0020067559089511633
115 0.0019846679642796516
116 0.001962884096428752
117 0.0019415741553530097
118 0.0019209971651434898
119 0.0019011865369975567
120 0.001882190816104412
121 0.001864160760305822
122 0.0018469250062480569
123 0.0018305577104911208
124 0.001814942224882543
125 0.0017999941483139992
126 0.00178565364331007
127 0.0017718573799356818
128 0.0017584700835868716
129 0.0017454163171350956
130 0.0017326674424111843
131 0.0017200987786054611
132 0.0017076433869078755
133 0.0016953033627942204
134 0.00168309744913131
135 0.00167095847427845
136 0.0016588635044172406
137 0.0016468282556161284
138 0.0016348706558346748
139 0.001623088144697249
140 0.001611553132534027
141 0.0016002358170226216
142 0.0015890965005382895
143 0.0015781214460730553
144 0.0015673519810661674
145 0.001556807546876371
146 0.0015464475145563483
147 0.0015363156562671065
148 0.0015263851964846253
149 0.0015166705707088113
150 0.0015071947127580643
151 0.0014978548279032111
152 0.0014886409044265747
153 0.0014795759925618768
154 0.001470661722123623
155 0.0014618950663134456
156 0.0014532605418935418
157 0.00144476059358567
158 0.0014364075614139438
159 0.0014281622134149075
160 0.0014200406149029732
